姓名：ASPPHPCMS
表：
信息：恢复默认数据xy_
网址：WebData
时间：2016-05-06 09:46:08
IP：127.0.0.1
------------------------

姓名：ASPPHPCMS
表：weburlscan
信息：删除网址扫描
网址：1.asp?act=delHandle&actionType=WebUrlScan&lableTitle=网址扫描&nPageSize=300&parentid=&searchfield=httpurl&keyword=&addsql=order%20by%20webstate%20desc&page=&id=2964,2831,2830,2829,2841,2840,2845,2963,2833,2965,2966,2967,2968,2839,2971,2962,2780,2943,2788,2787,2786,2785,2783,2832,2781,2821,2779,2837,2836,2835,2834,2972,2782,2814,2970,2812,2988,2989,2990,2813,2738,2993,2739,2815,2816,2817,2818,2819,2820,2992,2740,2986,2811,2974,2810,2975,2838,2942,2737,2940,2941,2907,2902,2903,2906,2908,2909,2904,2905,2939,2899,2900,2901,2913,2914,2915,2916,2917,2918,2919,2920,2921,2936,2847,2848,2878,2877,2876,2875,2874,2937,2872,2938,2846,2930,2844,2843,2842,2879,2873,2982,2957,2958,2959,2960,2961,2969,2973,2976,2977,2978,2979,2928,2981,2954,2983,2984,2985,2987,2991,2994,2995,2996,2997,2998,3000,2722,2980,2934,2911,2912,2922,2923,2924,2925,2926,2927,2898,2929,2999,2931,2956,2933,2955,2935,2944,2945,2946,2947,2948,2949,2950,2951,2952,2953,2910,2932,2772,2758,2759,2760,2761,2762,2763,2764,2765,2766,2767,2768,2769,2795,2771,2755,2773,2774,2775,2776,2777,2778,2784,2789,2790,2791,2792,2793,2794,2770,2736,2897,3001,2724,2723,2725,2726,2727,2728,2729,2730,2731,2732,2733,2757,2746,2754,2753,2751,2750,2749,2734,2747,2735,2745,2744,2743,2742,2741,2756,2748,2885,2860,2861,2862,2863,2864,2865,2866,2867,2868,2869,2870,2871,2881,2859,2891,2895,2896,2752,2796,2894,2883,2892,2884,2890,2889,2888,2887,2886,2880,2893,2802,2823,2822,2809,2800,2807,2805,2824,2803,2808,2801,2858,2882,2799,2798,2797,2804,2851,2856,2806,2854,2857,2852,2855,2850,2849,2828,2827,2826,2825,2853,3188,3187,3186,3189,3185,3184,3183,3176,3182,3181,3180,3179,3190,3178,3177,3198,3205,3204,3143,3175&mdbpath=
时间：2016-05-06 09:56:20
IP：127.0.0.1
------------------------

姓名：ASPPHPCMS
表：weburlscan
信息：删除网址扫描
网址：1.asp?act=delHandle&actionType=WebUrlScan&lableTitle=网址扫描&nPageSize=300&parentid=&searchfield=httpurl&keyword=&addsql=order%20by%20webstate%20desc&page=&id=3333,3233,3254,3253,3252,3223,3222,3221,3220,3219,3218,3256,3216,3257,3332,3331,3330,3329,3328,3327,3326,3325,3324,3323,3217,3280,3313,3312,3290,3289,3288,3287,3286,3285,3284,3283,3255,3281,3309,3279,3278,3265,3264,3263,3262,3261,3260,3259,3258,3282,3244,3270,3269,3268,3267,3266,3251,3250,3249,3248,3247,3311,3245,3273,3243,3242,3241,3240,3239,3238,3237,3236,3235,3448,3246,3297,3316,3308,3307,3306,3305,3304,3303,3302,3301,3300,3271,3298,3272,3296,3295,3294,3293,3292,3291,3277,3276,3275,3274,3310,3299,3388,3411,3410,3409,3397,3396,3395,3394,3393,3392,3391,3377,3389,3414,3387,3386,3385,3384,3383,3382,3381,3380,3379,3314,3390,3435,3002,3446,3445,3444,3443,3442,3441,3440,3439,3438,3412,3436,3413,3434,3433,3432,3431,3420,3419,3418,3417,3416,3415,3376,3437,3337,3349,3348,3347,3346,3345,3344,3343,3342,3341,3340,3378,3338,3352,3336,3335,3334,3322,3321,3320,3319,3318,3317,3232,3339,3368,3367,3366,3365,3364,3363,3375,3374,3373,3372,3371,3350,3369,3351,3362,3361,3360,3359,3358,3357,3356,3355,3354,3353,3315,3370,3025,3234,3051,3050,3049,3033,3032,3031,3030,3029,3028,3053,3026,3054,3014,3013,3012,3011,3010,3009,3008,3007,3006,3090,3027,3080,3101,3100,3099,3098,3097,3096,3095,3094,3093,3092,3052,3081,3087,3079,3078,3077,3076,3075,3059,3058,3057,3056,3055,3091,3022,3043,3042,3041,3040,3039,3038,3037,3036,3035,3034,3089,3023,3046,3021,3020,3019,3018,3017,3016,3015,3005,3004,3003,3024,3068,3104,3086,3085,3084,3083,3082,3074,3073,3072,3071,3044,3069,3045,3067,3066,3065,3064,3063,3062,3061,3060&mdbpath=
时间：2016-05-06 09:56:37
IP：127.0.0.1
------------------------

姓名：ASPPHPCMS
表：weburlscan
信息：删除网址扫描
网址：1.asp?act=delHandle&actionType=WebUrlScan&lableTitle=网址扫描&nPageSize=300&parentid=&searchfield=httpurl&keyword=&addsql=order%20by%20webstate%20desc&page=&id=3489,3482,3495,3494,3493,3492,3497,3490,3507,3488,3487,3486,3485,3484,3522,3491,3514,3400,3520,3519,3518,3517,3496,3515,3481,3513,3512,3511,3510,3509,3508,3516,3407,3483,3425,3424,3423,3422,3427,3408,3428,3406,3405,3404,3403,3402,3585,3421,3473,3480,3479,3478,3477,3476,3426,3474,3523,3472,3471,3470,3469,3430,3429,3475,3553,3546,3559,3558,3557,3556,3569,3554,3570,3552,3551,3550,3549,3548,3521,3555,3577,3047,3583,3582,3581,3580,3560,3578,3545,3576,3575,3574,3573,3572,3571,3579,3539,3547,3499,3498,3543,3542,3501,3540,3502,3538,3537,3536,3526,3525,3524,3541,3529,3544,3535,3534,3533,3532,3500,3530,3399,3528,3527,3506,3505,3504,3503,3531,3127,3120,3145,3144,3131,3130,3147,3128,3148,3126,3125,3124,3123,3122,3163,3129,3155,3401,3161,3160,3159,3158,3146,3156,3142,3154,3153,3152,3151,3150,3149,3157,3106,3121,3112,3111,3110,3109,3114,3107,3115,3105,3103,3102,3088,3070,3048,3108,3134,3141,3140,3139,3138,3137,3113,3135,3164,3133,3132,3119,3118,3117,3116,3136,3230,3215,3452,3451,3450,3449,3454,3231,3455,3229,3228,3227,3226,3225,3162,3447,3462,3398,3468,3467,3466,3465,3453,3463,3214,3461,3460,3459,3458,3457,3456,3464,3171,3224,3193,3192,3191,3174,3195,3172,3196,3170,3169,3168,3167,3166,3165,3173,3206,3213,3212,3211,3210,3209,3194,3207,3586,3203,3202,3201,3200,3199,3197,3208,3639,3632,3720,3719,3718,3717,3745,3715,3746,3638,3637,3636,3635,3634,3769,3716,3753,3724,3767,3766,3765,3764,3721,3762,3631,3752,3751,3750,3749,3748,3747,3763,3731,3633,3737,3736,3735,3734,3739,3732,3740,3730,3729,3728&mdbpath=
时间：2016-05-06 09:57:00
IP：127.0.0.1
------------------------

姓名：ASPPHPCMS
表：weburlscan
信息：删除网址扫描
网址：1.asp?act=delHandle&actionType=WebUrlScan&lableTitle=网址扫描&nPageSize=300&parentid=&searchfield=httpurl&keyword=&addsql=order%20by%20webstate%20desc&page=&id=3664,3676,3675,3674,3673,3672,3671,3670,3669,3668,3667,3652,3665,3679,3663,3662,3661,3660,3659,3658,3657,3656,3655,3654,3627,3666,3697,3584,3625,3624,3623,3622,3621,3620,3619,3702,3701,3700,3677,3698,3678,3689,3688,3687,3686,3685,3684,3683,3682,3681,3680,3651,3699,3608,3562,3561,3649,3648,3647,3646,3645,3644,3643,3642,3653,3640,3565,3607,3606,3605,3604,3603,3602,3601,3600,3599,3588,3587,3641,3596,3650,3618,3617,3616,3615,3614,3613,3612,3611,3610,3609,3563,3597,3564,3595,3594,3593,3592,3591,3590,3589,3568,3567,3566,3628,3598,3801,3826,3825,3824,3823,3822,3821,3820,3819,3818,3817,3789,3802,3777,3800,3799,3798,3797,3796,3795,3794,3793,3792,3791,3626,3803,3807,3832,3831,3830,3829,3816,3815,3814,3813,3812,3811,3810,3827,3808,3828,3806,3805,3804,3784,3783,3782,3781,3780,3779,3778,3788,3809,3707,3727,3726,3725,3723,3722,3714,3713,3712,3711,3710,3790,3708,3741,3706,3705,3704,3703,3696,3695,3694,3693,3692,3691,3690,3709,3761,3787,3786,3785,3776,3775,3774,3773,3772,3771,3770,3768,3733,3629,3738,3760,3759,3758,3757,3756,3755,3754,3744,3743,3742,3833,3630&mdbpath=
时间：2016-05-06 09:57:15
IP：127.0.0.1
------------------------

姓名：ASPPHPCMS
表：weburlscan
信息：删除网址扫描
网址：1.asp?act=delHandle&actionType=WebUrlScan&lableTitle=网址扫描&nPageSize=300&parentid=&searchfield=httpurl&keyword=&addsql=order%20by%20webstate%20desc&page=&id=3891,3900,3898,3920,3897,3938,3895,3936,3894,3899,3892,3923,3850,3852,3851,3893,3940,3947,3948,3949,3950,3946,3951,3945,3943,3959,3937,3935,3929,3928,3927,3926,3925,3924,3922,3921,3944,4004,3988,3989,3990,3991,3992,3954,4003,3985,4005,4006,4007,4008,4009,4010,4002,3969,3952,3962,3963,3964,3965,3966,3987,3968,3986,3970,3971,3972,3983,3984,3958,3967,3878,3885,3871,3872,3873,3874,3875,3869,3877,3868,3879,3880,3881,3882,3883,3884,3876,3862,3853,3854,3855,3857,3919,3859,3870,3861,3858,3863,3864,3834,3865,3866,3867,3860,3911,3856,3918,3917,3916,3915,3914,3912,3910,3909,3908,3907,3906,3905,3904,3890,3887,3886,3903,3889,3888,3896,3901,3913,3902,4113,4110,4111,4108,4107,4112,4109,4076,4106,4115,4078,4116,4051,4052,4053,4054,4055,4056,4114,4099,4082,4083,4084,4085,4086,4087,4088,4092,4081,4095,4080,4057,4090,4079,4091,4077,4093,4094,4089,4139,4097,4120,4121,4127,4144,4143,4142,4118,4140,4117,4138,4137,4122,4123,4124,4125,4126,4075,4141,4096,4066,4067,4068,4069,4070,4071,4072,4119,4074,4065,4098,4018,4100,4101,4102,4103,4104,4105,4073,4034,4043,4026,4027,4028,4029,4030,4031,4024,4033,4023,4035,4036,4037,4038,4039,4040,4041,4020,4032,3955,3930,3931,3932,3933,3934,3939,3941,4025,3953,3973,3956,3957,3960,3961,4147,4019,4021,4022,3942,4048,4042,4014,4015,4016,4017,4044,4045,4012,4047,4011,4049,4050,4058,4059,4060,4061,4062,4063,4046,3993,3974,3975,3976,3977,3978,3979,3980,4013,3982,4064,3994,3995,3996,3997,3998,3999,4000,4001,3981,4335,4357,4356,4355,4340,4339,4338,4145,4336,4360,4334,4333&mdbpath=
时间：2016-05-06 10:01:22
IP：127.0.0.1
------------------------

姓名：ASPPHPCMS
表：weburlscan
信息：删除网址扫描
网址：1.asp?act=delHandle&actionType=WebUrlScan&lableTitle=网址扫描&nPageSize=300&parentid=&searchfield=httpurl&keyword=&addsql=order%20by%20webstate%20desc&page=&id=4233,4240,4187,4188,4228,4229,4230,4185,4232,4184,4234,4235,4236,4237,4238,4146,4231,4224,4216,4217,4218,4219,4220,4221,4186,4223,4241,4225,4226,4227,4181,4182,4183,4222,4295,4239,4280,4281,4282,4283,4284,4278,4294,4277,4296,4297,4298,4299,4300,4301,4285,4259,4242,4243,4253,4254,4255,4256,4279,4258,4213,4271,4272,4273,4274,4275,4276,4257,4173,4215,4166,4167,4168,4169,4170,4164,4172,4163,4128,4129,4130,4131,4132,4133,4171,4156,4148,4149,4150,4151,4152,4153,4165,4155,4136,4157,4158,4159,4160,4161,4162,4154,4207,4199,4200,4201,4202,4203,4204,4134,4206,4196,4208,4209,4210,4211,4212,4304,4205,4189,4214,4174,4175,4176,4177,4178,4198,4180,4197,4190,4191,4192,4193,4194,4195,4135,4179,4348,4393,4341,4342,4343,4344,4345,4327,4347,4326,4349,4350,4351,4352,4353,4354,4346,4319,4302,4395,4396,4397,4398,4399,4328,4318,4369,4320,4321,4322,4323,4324,4325,4400,3842,4408,3835,3836,3837,3838,3839,4367,3841,4405,3843,3844,3845,3846,3847,3848,3840,4377,4392,4370,4371,4372,4373,4374,4407,4376,4406,4378,4379,4401,4402,4403,4404,4368,4375,4286,4394,4264,4265,4266,4267,4268,4262,4270,4261,4287,4288,4289,4290,4291,4292,4269,4247,3849,4305,4306,4307,4308,4244,4263,4246,4310,4248,4249,4250,4251,4252,4260,4245,4385,4364,4365,4366,4380,4381,4382,4293,4384,4361,4386,4387,4388,4389,4390,4391,4383,4329,4303,4311,4312,4313,4314,4315,4363,4317,4362,4330,4331,4332,4337,4358,4359,4309,4316&mdbpath=
时间：2016-05-06 10:02:00
IP：127.0.0.1
------------------------

姓名：ASPPHPCMS
表：weburlscan
信息：删除网址扫描
网址：1.asp?act=delHandle&actionType=WebUrlScan&lableTitle=网址扫描&nPageSize=300&parentid=&searchfield=httpurl&keyword=&addsql=order%20by%20webstate%20desc&page=&id=4621,4499,4555,4543,4544,4545,4546,4547,4548,4549,4550,4551,4552,4510,4554,4540,4567,4568,4569,4570,4571,4572,4573,4574,4575,4553,4522,4511,4512,4513,4514,4515,4516,4517,4518,4519,4542,4521,4541,4523,4524,4525,4534,4535,4536,4537,4538,4539,4592,4520,4598,4590,4580,4581,4582,4583,4584,4585,4586,4587,4588,4578,4597,4577,4599,4600,4601,4602,4603,4604,4409,4620,4623,4626,4589,4533,4558,4593,4594,4595,4596,4526,4527,4528,4529,4530,4579,4532,4591,4556,4557,4559,4561,4562,4563,4564,4565,4566,4576,4531,4447,4458,4436,4437,4438,4439,4440,4441,4442,4443,4444,4434,4446,4433,4448,4449,4450,4451,4452,4453,4454,4455,4456,4457,4445,4420,4560,4509,4410,4411,4412,4413,4414,4415,4416,4417,4435,4419,4428,4421,4422,4423,4424,4425,4427,4429,4430,4431,4432,4418,4498,4484,4485,4486,4487,4488,4489,4490,4491,4492,4493,4483,4496,4495,4500,4501,4502,4503,4504,4505,4506,4459,4426,4507,4508,4494,4470,4460,4462,4463,4497,4482,4465,4466,4467,4461,4469,4464,4471,4472,4477,4473,4481,4474,4475,4480,4476,4479,4468,4478,4808,4807,4806,4805,4804,4803,4786,4798,4801,4787,4800,4788,4797,4799,4802,4772,4776,4775,4777,4789,4740,4785,4770,4773,4809,4771,4769,4768,4767,4812,4811,4810,4774,4736,4745,4744,4743,4741,4739,4742,4737,4758,4728,4727,4790,4857,4726,4725,4738,4764,4783,4782,4781,4780,4779,4778,4746,4765,4757,4763,4762,4761,4760,4759,4784,4766,4847,4854,4853,4852,4851,4850,4840,4848,4859,4846,4845,4844,4843,4842,4855,4849,4865,4653,4724,4871,4870,4869,4868,4856,4866,4858,4864,4863,4862,4861,4860,4839,4867,4814&mdbpath=
时间：2016-05-06 10:15:29
IP：127.0.0.1
------------------------

姓名：ASPPHPCMS
表：weburlscan
信息：删除网址扫描
网址：1.asp?act=delHandle&actionType=WebUrlScan&lableTitle=网址扫描&nPageSize=300&parentid=&searchfield=httpurl&keyword=&addsql=order%20by%20webstate%20desc&page=&id=4922,4931,4930,4929,4928,4927,4926,4925,4914,4923,4934,4921,4920,4919,4918,4917,4916,5023,4924,4954,4975,4974,4973,4972,4959,4958,4957,4932,4955,4933,4953,4952,4951,4950,4949,4948,4947,4913,4956,4875,4884,4883,4882,4881,4880,4879,4878,4915,4876,4887,4874,4873,4872,4841,4838,4837,4836,4877,4903,4912,4911,4910,4909,4908,4907,4906,4885,4904,4886,4902,4893,4892,4891,4890,4889,4888,4978,4905,4982,4991,4990,4989,4988,4987,4986,4985,4976,4983,5005,4971,4970,4969,4968,4967,4966,4965,4984,5013,4618,5021,5020,5019,5018,5017,5016,4992,5014,5004,5012,5011,5010,5009,5008,5007,5006,4962,5015,4997,4964,4895,4894,5003,5002,5001,5000,4897,4998,4898,4996,4995,4994,4993,4981,4980,4979,4833,4999,4940,4977,4961,4960,4946,4945,4944,4943,4896,4941,4963,4939,4938,4937,4936,4935,4901,4900,4899,4942,4615,4667,4666,4665,4664,4663,4662,4661,4706,4616,4670,4614,4613,4612,4611,4610,4609,4608,4617,4687,4835,4695,4694,4693,4692,4691,4690,4668,4688,4669,4686,4685,4684,4683,4682,4681,4680,4605,4689,4631,4607,4639,4638,4637,4636,4635,4634,4641,4632,4642,4630,4629,4628,4627,4625,4624,4622,4619,4633,4651,4707,4660,4659,4658,4657,4656,4655,4640,4652,4606,4650,4649,4648,4647,4646,4645,4644,4643,4654,4703,4796,4795,4794,4793,4792,4791,4723,4705,4704,4816,4702,4701,4700,4699,4698,4697,4696,4722,4824,5024,4832,4831,4830,4829,4828,4827,4813,4825,4815,4823,4822,4821,4820,4819,4818,4817,4677,4826,4716,4679,4731,4730,4729,4721,4720,4719,4733,4717,4734,4715,4714,4713,4712,4711,4710,4709,4708,4718,4754,4834,4676,4675,4674&mdbpath=
时间：2016-05-06 10:15:45
IP：127.0.0.1
------------------------

姓名：ASPPHPCMS
表：weburlscan
信息：删除网址扫描
网址：1.asp?act=delHandle&actionType=WebUrlScan&lableTitle=网址扫描&nPageSize=300&parentid=&searchfield=httpurl&keyword=&addsql=order%20by%20webstate%20desc&page=&id=5075,5134,5067,5068,5069,5070,5071,5072,5122,5074,5131,5076,5077,5116,5117,5118,5119,5120,5173,5073,5114,5104,5105,5106,5107,5108,5109,5110,5111,5133,5113,5132,5115,5125,5126,5127,5128,5129,5130,5123,5112,5164,5155,5156,5157,5158,5159,5160,5161,5121,5163,5152,5165,5166,5167,5168,5169,5170,5171,4732,5162,5144,5124,5135,5136,5137,5138,5139,5140,5141,5154,5143,5153,5145,5146,5147,5148,5149,5150,5151,5101,5142,5040,5031,5032,5033,5034,5035,5036,5037,5103,5039,5028,5041,5042,5043,5044,5045,5046,5047,5048,5038,4671,4735,4747,4748,4749,4750,4751,4752,4753,5030,4756,5029,4672,4673,4678,5022,5025,5026,5027,5051,4755,5093,5049,5084,5085,5086,5087,5088,5089,5090,5082,5092,5081,5094,5095,5096,5097,5098,5099,5100,5184,5091,5061,5102,5052,5053,5054,5055,5056,5057,5058,5083,5060,5050,5062,5063,5064,5065,5066,5078,5079,5080,5059,5278,5259,5260,5261,5262,5263,5264,5265,5287,5267,5245,5279,5280,5281,5282,5283,5284,5285,5172,5266,5237,5290,5291,5292,5293,5294,5295,5296,5297,5258,5236,5246,5238,5239,5240,5241,5242,5243,5244,5288,5298,5329,5320,5321,5322,5323,5324,5325,5326,5286,5328,5317,5330,5331,5332,5333,5334,5335,5336,5337,5327,5309,5299,5300,5301,5302,5303,5304,5305,5306,5319,5308,5318,5310,5311,5312,5313,5314,5315,5316,5276,5307,5205,5181,5182,5183,5199,5200,5201,5202,5289,5204,5178,5206,5207,5208,5209,5210,5211,5212,5213,5203,5195,5185,5186,5187,5188,5189,5190,5191,5192,5180,5194,5179,5196,5197,5198,5174,5175,5176,5177,5216,5193,5268,5214,5249,5250,5251,5252,5253,5254,5255,5247,5257,5235&mdbpath=
时间：2016-05-06 10:16:03
IP：127.0.0.1
------------------------

姓名：ASPPHPCMS
表：weburlscan
信息：删除网址扫描
网址：1.asp?act=delHandle&actionType=WebUrlScan&lableTitle=网址扫描&nPageSize=300&parentid=&searchfield=httpurl&keyword=&addsql=order%20by%20webstate%20desc&page=&id=5231,5217,5218,5219,5220,5221,5222,5223,5224,5225,5226,5227,5228,5215,5230,5338,5232,5233,5234,5248,5256,5269,5270,5271,5272,5273,5274,5275,5277,5229&mdbpath=
时间：2016-05-06 10:16:14
IP：127.0.0.1
------------------------

姓名：ASPPHPCMS
表：weburlscan
信息：删除网址扫描
网址：1.asp?act=delHandle&actionType=WebUrlScan&lableTitle=网址扫描&nPageSize=300&parentid=&searchfield=httpurl&keyword=&addsql=order%20by%20webstate%20desc&page=&id=5339,5349,5359,5358,5357,5356,5355,5354,5353,5352,5350,5362,5348,5347,5346,5345,5344,5343,5342,5341,5340,5351,5371,5382,5381,5380,5379,5378,5377,5376,5375,5374,5360,5372,5361,5370,5369,5368,5367,5366,5365,5364,5363,5383,5373&mdbpath=
时间：2016-05-06 10:18:54
IP：127.0.0.1
------------------------

姓名：ASPPHPCMS
表：weburlscan
信息：删除网址扫描
网址：1.asp?act=delHandle&actionType=WebUrlScan&lableTitle=网址扫描&nPageSize=300&parentid=&searchfield=httpurl&keyword=&addsql=order%20by%20webstate%20desc&page=&id=5385&mdbpath=
时间：2016-05-06 10:19:41
IP：127.0.0.1
------------------------

姓名：ASPPHPCMS
表：weburlscan
信息：删除网址扫描
网址：1.asp?act=delHandle&actionType=WebUrlScan&lableTitle=网址扫描&nPageSize=300&parentid=&searchfield=httpurl&keyword=&addsql=order%20by%20webstate%20desc&page=&id=5386&mdbpath=
时间：2016-05-06 10:20:56
IP：127.0.0.1
------------------------

姓名：ASPPHPCMS
表：weburlscan
信息：删除网址扫描
网址：1.asp?act=delHandle&actionType=WebUrlScan&lableTitle=网址扫描&nPageSize=300&parentid=&searchfield=httpurl&keyword=&addsql=order%20by%20webstate%20desc&page=&id=5387&mdbpath=
时间：2016-05-06 10:21:25
IP：127.0.0.1
------------------------

姓名：ASPPHPCMS
表：weburlscan
信息：删除网址扫描
网址：1.asp?act=delHandle&actionType=WebUrlScan&lableTitle=网址扫描&nPageSize=300&parentid=&searchfield=httpurl&keyword=&addsql=order%20by%20webstate%20desc&page=&id=5388,5398,5408,5407,5406,5405,5404,5403,5402,5401,5399,5411,5397,5396,5395,5394,5393,5392,5391,5390,5389,5400,5420,5431,5430,5429,5428,5427,5426,5425,5424,5423,5409,5421,5410,5419,5418,5417,5416,5415,5414,5413,5412,5432,5422&mdbpath=
时间：2016-05-06 10:22:45
IP：127.0.0.1
------------------------

姓名：ASPPHPCMS
表：weburlscan
信息：删除网址扫描
网址：1.asp?act=delHandle&actionType=WebUrlScan&lableTitle=网址扫描&nPageSize=300&parentid=&searchfield=httpurl&keyword=&addsql=order%20by%20webstate%20desc&page=&id=5436,5437,5435,5524,5516,5517,5518,5519,5520,5521,5515,5523,5512,5525,5526,5527,5528,5522,5529,5513,5532,5511,5510,5509,5508,5507,5506,5505,5504,5503,5502,5501,5514,5544,5559,5558,5557,5556,5555,5554,5553,5552,5551,5550,5549,5548,5547,5530,5538,5531,5498,5533,5534,5535,5546,5537,5545,5539,5540,5541,5542,5543,5561,5536,5451,5500,5465,5464,5463,5462,5461,5460,5459,5458,5457,5456,5455,5454,5467,5445,5438,5439,5440,5441,5442,5453,5444,5452,5446,5447,5448,5449,5450,5468,5443,5483,5562,5497,5496,5495,5494,5493,5492,5491,5490,5489,5488,5487,5486,5466,5476,5469,5470,5471,5472,5473,5485,5475,5484,5477,5478,5479,5481,5482,5499,5474,5639,5654,5653,5652,5651,5650,5649,5648,5647,5646,5645,5644,5643,5642,5625,5633,5560,5627,5628,5629,5630,5641,5632,5640,5634,5635,5636,5637,5638,5657,5631,5680,5655,5674,5675,5676,5677,5672,5679,5671,5681,5682,5683,5684,5685,5686,5678,5664,5624,5658,5659,5660,5661,5673,5663,5656,5665,5666,5667,5668,5669,5670,5662,5576,5591,5590,5589,5588,5587,5586,5585,5584,5583,5582,5581,5580,5579,5626,5570,5563,5564,5565,5566,5567,5578,5569,5577,5571,5572,5573,5574,5575,5594,5568,5617,5592,5611,5612,5613,5614,5609,5616,5608,5618,5619,5620,5621,5622,5623,5615,5601,5687,5595,5596,5597,5598,5610,5600,5593,5602,5603,5604,5605,5606,5607,5599&mdbpath=
时间：2016-05-06 10:29:06
IP：127.0.0.1
------------------------

姓名：ASPPHPCMS
表：
信息：应用模板/Templates2015/夺宝/
网址：&templatename=夺宝
时间：2016-05-06 14:30:02
IP：127.0.0.1
------------------------

姓名：ASPPHPCMS
表：
信息：恢复默认数据xy_
网址：WebData
时间：2016-05-06 14:30:06
IP：127.0.0.1
------------------------

姓名：ASPPHPCMS
表：
信息：生成全部HTML页面
网址：aspweb.asp?act=makeallhtml
时间：2016-05-06 15:04:17
IP：127.0.0.1
------------------------

姓名：ASPPHPCMS
表：
信息：复制生成HTML页面
网址：aspweb.asp?act=copyHtmlToWeb&setcode=utf-8
时间：2016-05-06 15:04:21
IP：127.0.0.1
------------------------

姓名：ASPPHPCMS
表：
信息：生成全部HTML页面
网址：aspweb.asp?act=makeallhtml
时间：2016-05-06 15:14:26
IP：127.0.0.1
------------------------

姓名：ASPPHPCMS
表：
信息：复制生成HTML页面
网址：aspweb.asp?act=copyHtmlToWeb&setcode=utf-8
时间：2016-05-06 15:14:29
IP：127.0.0.1
------------------------

姓名：ASPPHPCMS
表：
信息：生成全部HTML页面
网址：aspweb.asp?act=makeallhtml
时间：2016-05-06 15:19:23
IP：127.0.0.1
------------------------

姓名：ASPPHPCMS
表：
信息：复制生成HTML页面
网址：aspweb.asp?act=copyHtmlToWeb&setcode=utf-8
时间：2016-05-06 15:19:24
IP：127.0.0.1
------------------------

姓名：ASPPHPCMS
表：
信息：应用模板/Templates2015/sharembweb/
网址：&templatename=sharembweb
时间：2016-05-06 15:30:15
IP：127.0.0.1
------------------------

姓名：ASPPHPCMS
表：
信息：恢复默认数据xy_
网址：WebData
时间：2016-05-06 15:30:21
IP：127.0.0.1
------------------------

姓名：ASPPHPCMS
表：
信息：应用模板/Templates2015/东方紫-首页/
网址：&templatename=东方紫-首页
时间：2016-05-06 16:35:41
IP：127.0.0.1
------------------------

姓名：ASPPHPCMS
表：
信息：应用模板/Templates2015/东方紫-首页/
网址：&templatename=东方紫-首页
时间：2016-05-06 16:35:41
IP：127.0.0.1
------------------------

姓名：ASPPHPCMS
表：
信息：恢复默认数据xy_
网址：WebData
时间：2016-05-06 16:35:45
IP：127.0.0.1
------------------------

姓名：ASPPHPCMS
表：
信息：生成全部HTML页面
网址：aspweb.asp?act=makeallhtml
时间：2016-05-06 16:37:37
IP：127.0.0.1
------------------------

姓名：ASPPHPCMS
表：
信息：复制生成HTML页面
网址：aspweb.asp?act=copyHtmlToWeb&setcode=utf-8
时间：2016-05-06 16:37:40
IP：127.0.0.1
------------------------

姓名：ASPPHPCMS
表：
信息：生成全部HTML页面
网址：aspweb.asp?act=makeallhtml
时间：2016-05-06 16:54:49
IP：127.0.0.1
------------------------

姓名：ASPPHPCMS
表：
信息：复制生成HTML页面
网址：aspweb.asp?act=copyHtmlToWeb&setcode=utf-8
时间：2016-05-06 16:54:51
IP：127.0.0.1
------------------------

姓名：ASPPHPCMS
表：
信息：生成全部HTML页面
网址：aspweb.asp?act=makeallhtml
时间：2016-05-06 17:17:57
IP：127.0.0.1
------------------------

姓名：ASPPHPCMS
表：
信息：复制生成HTML页面
网址：aspweb.asp?act=copyHtmlToWeb&setcode=utf-8
时间：2016-05-06 17:17:59
IP：127.0.0.1
------------------------

